S1	R29_LC_10.3562.3562.2.1.dta	919.497968
P1	KVTDGVMVA	43.392285	1.000000	-6.947804	1	12.207597	11.736828	3.072675	0.000000	0.420158	1.643615	5.625776	0	35.173775	0.664785	0.099029	0.254054
P2	KVTDGVMAV	41.808321	1.000000	-6.947804	3	11.913853	11.042067	2.375004	0.000000	0.420158	1.509980	5.625776	0	33.445115	0.662125	0.104076	0.254054
P3	KVTDGVMLG	41.172884	1.000000	-6.947804	3	11.913853	11.042067	2.375004	0.000000	0.420158	1.509980	5.625776	0	33.445115	0.628257	0.062376	0.254054
P4	KVTDGVMGL	41.055758	1.000000	-6.947804	3	11.913853	11.042067	2.375004	0.000000	0.420158	1.509980	5.625776	0	33.445115	0.617184	0.131903	0.254054
P5	KDTVGVMLG	39.356077	1.000000	-6.947804	4	10.633861	9.632482	2.386758	0.000000	0.420158	1.521136	5.625776	0	29.873972	0.692575	0.039228	0.483871
P6	KVDTGVMVA	39.302475	1.000000	-6.947804	11	11.137441	9.752772	2.798537	0.000000	0.420158	2.868288	9.546891	0	30.831636	0.652518	0.099029	0.254054
P7	KVESGVMVA	38.279460	1.000000	-6.947804	11	11.080829	10.633291	1.568674	0.000000	0.420158	1.721849	5.625776	0	30.970325	0.588472	0.070474	0.254054
P8	KVSEGVMVA	38.180795	1.000000	-6.947804	11	11.080829	9.947472	1.568674	0.000000	0.420158	1.721849	5.625776	0	30.178495	0.620712	0.113193	0.254054
P9	KVDTGVMLG	37.310103	1.000000	-6.947804	25	10.843697	9.441770	2.100867	0.000000	0.420158	2.996871	9.546891	0	29.311756	0.618324	0.062376	0.254054
P10	KVTDVGMVA	37.064069	1.000000	-6.947804	15	10.756241	10.903759	0.000000	0.000000	0.420158	1.707954	5.625776	0	29.625456	0.588092	0.062911	0.254054

time:	0.036000
