S1	Try_LC_12.2365.2365.2.0.dta	947.503152
P1	VTDGVMVAR	51.995754	1.000000	-5.697839	4	13.541158	8.529204	0.000000	4.146004	0.656153	1.335924	5.520197	0	40.832997	0.760910	1.000000	1.000000
P2	VTDGVMGLR	44.978730	1.000000	-5.697839	20	12.207989	7.943952	0.000000	2.609737	0.656153	0.097977	1.270863	0	34.740681	0.722536	0.164777	1.000000
P3	VTDGVMAVR	44.617415	1.000000	-5.697839	20	12.207989	7.943952	0.000000	2.609737	0.656153	0.097977	1.270863	0	34.740681	0.705276	0.109123	1.000000
P4	TVDGVMVAR	44.421705	1.000000	-5.697839	1	12.081064	6.218581	0.000000	3.255994	0.656153	1.396869	5.520197	0	34.072523	0.744355	0.108727	0.767068
P5	VTDGVMLGR	44.318528	1.000000	-5.697839	20	12.207989	7.943952	0.000000	2.609737	0.656153	0.097977	1.270863	0	34.740681	0.693335	0.025722	1.000000
P6	SLDGVMVAR	44.303879	1.000000	-5.697839	4	12.081064	6.218581	0.000000	3.255994	0.656153	1.396869	5.520197	0	34.034142	0.734802	0.123892	0.822320
P7	LSDGVMVAR	42.845748	1.000000	-5.697839	4	12.081064	6.218581	0.000000	3.255994	0.656153	1.396869	5.520197	0	34.034142	0.700282	0.024996	0.198312
P8	VTDGVVMAR	41.594931	1.000000	-5.697839	26	12.257760	6.749377	0.000000	1.781486	0.656153	1.400507	5.520197	0	31.477076	0.703430	0.038462	1.000000
P9	VTGDVMVAR	41.066358	1.000000	-5.697839	7	12.564157	5.332992	0.000000	1.536267	0.656153	1.404167	5.520197	0	30.022475	0.739470	0.168869	1.000000
P10	VTDVGMVAR	39.723081	1.000000	-5.697839	35	11.471656	8.808785	0.000000	0.800254	0.656153	1.476329	5.520197	0	30.428190	0.650456	0.026793	1.000000

time:	0.026000
